Rep0

Winner id	Valuation	Bid	Surplus

9	19.488584784481397	16.0	3.4885847844813966

6	14.713342974336035	14.0	0.7133429743360349

4	19.532520075357233	14.0	5.532520075357233

3	16.741036168483095	14.0	2.7410361684830953

1	17.520183689538882	14.0	3.5201836895388823


Rep1

Winner id	Valuation	Bid	Surplus

9	19.488584784481397	16.0	3.4885847844813966

4	19.532520075357233	16.0	3.5325200753572332

3	16.741036168483095	16.0	0.7410361684830953

1	17.520183689538882	16.0	1.5201836895388823

8	15.242446385261665	14.0	1.2424463852616654


Rep2

Winner id	Valuation	Bid	Surplus

9	19.488584784481397	16.0	3.4885847844813966

4	19.532520075357233	16.0	3.5325200753572332

6	14.713342974336035	14.0	0.7133429743360349

3	16.741036168483095	14.0	2.7410361684830953

1	17.520183689538882	14.0	3.5201836895388823


Rep3

Winner id	Valuation	Bid	Surplus

1	17.520183689538882	16.0	1.5201836895388823

9	19.488584784481397	16.0	3.4885847844813966

3	16.741036168483095	14.0	2.7410361684830953

4	19.532520075357233	14.0	5.532520075357233

8	15.242446385261665	14.0	1.2424463852616654


Rep4

Winner id	Valuation	Bid	Surplus

4	19.532520075357233	16.0	3.5325200753572332

3	16.741036168483095	14.0	2.7410361684830953

9	19.488584784481397	14.0	5.488584784481397

1	17.520183689538882	14.0	3.5201836895388823

6	14.713342974336035	14.0	0.7133429743360349



Done

