Valuations for Iteration: 0
33.95327852500894	75.62539329681937	37.11574166385846	102.93831170578876	53.32305205410295	31.392083580476594	55.90497871044258	71.75452354378498	53.93080338198606	32.164942590001516	62.08997792964648	-12.322534929172491	72.23606789999734	55.8057005608342	54.73686108700549	105.38765752847422	26.43018917599505	93.24146970810017	30.1516610267709	67.80874170976738	92.59445239243695	55.73016048366686	78.71816986011052	57.03739999550774	38.06720023700297	46.69589359353058	44.72539848306057	87.28503616819225	58.22201083524693	72.31012402897365	
Valuations for Iteration: 1
54.541106588960666	12.688584760358971	60.78824535032314	21.52969321378717	53.68093075587268	88.25137814976058	40.1809205705338	87.0511895088837	41.467360193831226	23.260703622388768	22.374779101693363	22.573721418229773	79.59130610797203	32.51864482121236	35.596424731849964	54.65645297576784	3.372775626176562	81.06925183510023	66.97592814579936	50.65056626796103	53.07136736676809	28.8718858141773	88.63266454075313	86.84603019180943	91.282741517831	98.84521858115129	105.04070808032256	17.37397083884173	50.90752569759878	61.73697562327179	
Valuations for Iteration: 2
24.855683088827703	9.484994707667155	71.80356243032958	42.37633286804784	76.09610221726669	57.392556520718244	52.71191708836889	6.949639483146996	35.06426127579713	71.86669749227165	68.11133508310331	78.60550092585933	51.13872551600562	94.23075924699694	11.17106331567242	83.88832337537681	46.52207218324994	79.28760571097267	59.122773052655994	4.346665996362354	39.13822116409055	50.73368101228888	53.21999535666596	40.29862827971405	63.27302391867991	133.39068220449218	43.26190378507011	46.30929122624507	104.01050900678267	98.74413681581363	
Valuations for Iteration: 3
32.3571421737515	36.45748992170973	83.71842244031052	68.97758881782046	67.37858597300483	51.67071455478656	65.09143327727934	69.87121136840638	20.071867938290353	38.05724015616836	62.50173873202418	93.38637632019523	46.83034572290295	84.04011007339106	29.92349636221345	42.97090005619598	7.69099632627816	74.22071255161997	57.97233102272033	77.75440040993968	30.342893424633566	81.03902215504067	83.35898442377972	81.12798292607718	77.42794353019517	22.168461974248835	54.044825441311076	41.844460811136216	132.9288670502198	77.9218391377947	
Valuations for Iteration: 4
41.84573547152148	45.836385007533316	-6.497932294769477	-37.292168630308794	3.245957949102042	41.86004594841434	70.93961287208016	42.27080367772436	81.87848455200375	53.79238787178687	72.90914529295738	28.267523488047562	92.81770389776744	36.29914991151639	56.03921550755579	56.64350646190163	58.02866049813274	36.09529724706626	19.412987952027002	68.25058078157916	98.28336356338768	30.043945271757647	41.682732292445905	65.18477213007016	113.0414607444246	43.248408077827165	53.95170539424797	55.964509824674906	22.791993896690812	43.827864929231225	
Valuations for Iteration: 5
30.44616184126855	11.343256065561867	83.97538673567881	59.634320048017806	46.97074728091519	46.9823872676673	97.6380926945265	51.50459485246351	56.42244538855893	63.939734392229695	48.64288170779075	113.76714721253116	57.46292819915008	100.98647109189119	28.796849964572324	90.89910233319807	18.84885950735213	61.3184666817768	84.90497156492842	85.10582453317673	10.054424359713288	67.24824123456281	61.706241530796945	73.8139224255306	43.97110045584872	26.465519253548784	68.19229689145673	20.293085522064203	81.41788190385223	47.94286679317766	
Valuations for Iteration: 6
39.56452409118987	19.449254253024804	34.44238348917662	71.95830192210809	-19.111877768076212	30.496526572575057	47.77925848789882	47.03023407485103	70.33963805243484	49.88946841718293	52.84693694106178	57.93578889790937	44.96769596651115	72.3030144080428	28.004963569247256	44.66452610351202	69.18316856171391	70.13695711908399	64.57798127526526	55.626238273336796	40.97202705133729	22.076650658573598	17.88491002729483	68.11172299320181	59.1169941972811	59.76560493635744	86.80163442368807	30.35294140480172	55.212525593721374	46.62657759509874	
Valuations for Iteration: 7
86.03901065169262	23.04341034945876	50.358111821656465	46.204184528963445	42.23688172932228	53.59527354171126	34.686851254851774	90.5207072608663	58.21780777467395	42.00147300900795	136.9968767796516	70.15905723699447	51.904871647936474	13.000350817420589	78.21616821866388	47.222646499297696	79.91473180061968	65.2465152586551	56.634758105284945	46.86453019991892	92.75446346340303	94.89939742649159	25.755954022071517	38.857720346640534	99.86529293138226	2.5925033265696342	98.35842402359029	85.6894325433212	66.07984107763802	40.923854129336064	
Valuations for Iteration: 8
71.17157958849852	10.211887904523088	84.98067973199791	44.48637111256027	31.703823361256593	13.446094510053904	74.96683752069859	71.32029694232928	64.16606654607976	34.311733003919514	58.35026172355392	64.80994267036925	37.67847770935954	27.58299913416207	69.18880478887668	59.84383918970762	46.86633623362099	19.075615574764086	65.89917824058713	85.72199699299304	79.28518353217126	22.528328617546904	44.518760915601604	74.10790612612504	18.40574683562513	52.91599356403034	57.99958733844839	32.52803123235473	64.25903377020674	56.60040672402634	
Valuations for Iteration: 9
82.42223552835625	46.4456134817225	21.43409548938073	49.52635697626682	75.02304171502465	59.093121426920035	7.902546210218155	70.33406759038893	23.219255664235167	72.63616305526638	30.791222897056546	30.833431495464797	49.777375142394845	59.64694734525459	45.703285139722226	87.3398865227071	52.76590788031992	61.72950386141441	27.8724996513304	23.44424901854859	-29.115208423200855	48.20282508274628	19.159936653455574	34.07173057758803	50.36614166644157	80.38737303390229	57.76233730151576	86.56676321276518	66.63617374363547	35.26971716919289	
